1 1 1 0.0 -25.2099995042 -15.265 32.0
2 1 1 0.0 -23.9802434308 -14.555 32.0
3 2 1 0.0 -22.7504873574 -15.265 32.0
4 2 1 0.0 -21.520731284 -14.555 32.0
5 3 1 0.0 -20.2909752107 -15.265 32.0
6 3 1 0.0 -19.0612191373 -14.555 32.0
7 4 1 0.0 -17.8314630639 -15.265 32.0
8 4 1 0.0 -16.6017069905 -14.555 32.0
9 5 1 0.0 -15.3719509172 -15.265 32.0
10 5 1 0.0 -14.1421948438 -14.555 32.0
11 6 1 0.0 -12.9124387704 -15.265 32.0
12 6 1 0.0 -11.6826826971 -14.555 32.0
13 7 1 0.0 -10.4529266237 -15.265 32.0
14 7 1 0.0 -9.2231705503 -14.555 32.0
15 8 1 0.0 -7.99341447693 -15.265 32.0
16 8 1 0.0 -6.76365840356 -14.555 32.0
17 9 1 0.0 -5.53390233018 -15.265 32.0
18 9 1 0.0 -4.30414625681 -14.555 32.0
19 10 1 0.0 -3.07439018343 -15.265 32.0
20 10 1 0.0 -1.84463411006 -14.555 32.0
21 11 1 0.0 -0.614878036687 -15.265 32.0
22 11 1 0.0 0.614878036687 -14.555 32.0
23 12 1 0.0 1.84463411006 -15.265 32.0
24 12 1 0.0 3.07439018343 -14.555 32.0
25 13 1 0.0 4.30414625681 -15.265 32.0
26 13 1 0.0 5.53390233018 -14.555 32.0
27 14 1 0.0 -23.9802434308 -13.135 32.0
28 14 1 0.0 -22.7504873574 -12.425 32.0
29 15 1 0.0 -21.520731284 -13.135 32.0
30 15 1 0.0 -20.2909752107 -12.425 32.0
31 16 1 0.0 -19.0612191373 -13.135 32.0
32 16 1 0.0 -17.8314630639 -12.425 32.0
33 17 1 0.0 -16.6017069905 -13.135 32.0
34 17 1 0.0 -15.3719509172 -12.425 32.0
35 18 1 0.0 -14.1421948438 -13.135 32.0
36 18 1 0.0 -12.9124387704 -12.425 32.0
37 19 1 0.0 -11.6826826971 -13.135 32.0
38 19 1 0.0 -10.4529266237 -12.425 32.0
39 20 1 0.0 -9.2231705503 -13.135 32.0
40 20 1 0.0 -7.99341447693 -12.425 32.0
41 21 1 0.0 -6.76365840356 -13.135 32.0
42 21 1 0.0 -5.53390233018 -12.425 32.0
43 22 1 0.0 -4.30414625681 -13.135 32.0
44 22 1 0.0 -3.07439018343 -12.425 32.0
45 23 1 0.0 -1.84463411006 -13.135 32.0
46 23 1 0.0 -0.614878036687 -12.425 32.0
47 24 1 0.0 0.614878036687 -13.135 32.0
48 24 1 0.0 1.84463411006 -12.425 32.0
49 25 1 0.0 3.07439018343 -13.135 32.0
50 25 1 0.0 4.30414625681 -12.425 32.0
51 26 1 0.0 5.53390233018 -13.135 32.0
52 26 1 0.0 6.76365840356 -12.425 32.0
53 27 1 0.0 -22.7504873574 -11.005 32.0
54 27 1 0.0 -21.520731284 -10.295 32.0
55 28 1 0.0 -20.2909752107 -11.005 32.0
56 28 1 0.0 -19.0612191373 -10.295 32.0
57 29 1 0.0 -17.8314630639 -11.005 32.0
58 29 1 0.0 -16.6017069905 -10.295 32.0
59 30 1 0.0 -15.3719509172 -11.005 32.0
60 30 1 0.0 -14.1421948438 -10.295 32.0
61 31 1 0.0 -12.9124387704 -11.005 32.0
62 31 1 0.0 -11.6826826971 -10.295 32.0
63 32 1 0.0 -10.4529266237 -11.005 32.0
64 32 1 0.0 -9.2231705503 -10.295 32.0
65 33 1 0.0 -7.99341447693 -11.005 32.0
66 33 1 0.0 -6.76365840356 -10.295 32.0
67 34 1 0.0 -5.53390233018 -11.005 32.0
68 34 1 0.0 -4.30414625681 -10.295 32.0
69 35 1 0.0 -3.07439018343 -11.005 32.0
70 35 1 0.0 -1.84463411006 -10.295 32.0
71 36 1 0.0 -0.614878036687 -11.005 32.0
72 36 1 0.0 0.614878036687 -10.295 32.0
73 37 1 0.0 1.84463411006 -11.005 32.0
74 37 1 0.0 3.07439018343 -10.295 32.0
75 38 1 0.0 4.30414625681 -11.005 32.0
76 38 1 0.0 5.53390233018 -10.295 32.0
77 39 1 0.0 6.76365840356 -11.005 32.0
78 39 1 0.0 7.99341447693 -10.295 32.0
79 40 1 0.0 -21.520731284 -8.875 32.0
80 40 1 0.0 -20.2909752107 -8.165 32.0
81 41 1 0.0 -19.0612191373 -8.875 32.0
82 41 1 0.0 -17.8314630639 -8.165 32.0
83 42 1 0.0 -16.6017069905 -8.875 32.0
84 42 1 0.0 -15.3719509172 -8.165 32.0
85 43 1 0.0 -14.1421948438 -8.875 32.0
86 43 1 0.0 -12.9124387704 -8.165 32.0
87 44 1 0.0 -11.6826826971 -8.875 32.0
88 44 1 0.0 -10.4529266237 -8.165 32.0
89 45 1 0.0 -9.2231705503 -8.875 32.0
90 45 1 0.0 -7.99341447693 -8.165 32.0
91 46 1 0.0 -6.76365840356 -8.875 32.0
92 46 1 0.0 -5.53390233018 -8.165 32.0
93 47 1 0.0 -4.30414625681 -8.875 32.0
94 47 1 0.0 -3.07439018343 -8.165 32.0
95 48 1 0.0 -1.84463411006 -8.875 32.0
96 48 1 0.0 -0.614878036687 -8.165 32.0
97 49 1 0.0 0.614878036687 -8.875 32.0
98 49 1 0.0 1.84463411006 -8.165 32.0
99 50 1 0.0 3.07439018343 -8.875 32.0
100 50 1 0.0 4.30414625681 -8.165 32.0
101 51 1 0.0 5.53390233018 -8.875 32.0
102 51 1 0.0 6.76365840356 -8.165 32.0
103 52 1 0.0 7.99341447693 -8.875 32.0
104 52 1 0.0 9.2231705503 -8.165 32.0
105 53 1 0.0 -20.2909752107 -6.745 32.0
106 53 1 0.0 -19.0612191373 -6.035 32.0
107 54 1 0.0 -17.8314630639 -6.745 32.0
108 54 1 0.0 -16.6017069905 -6.035 32.0
109 55 1 0.0 -15.3719509172 -6.745 32.0
110 55 1 0.0 -14.1421948438 -6.035 32.0
111 56 1 0.0 -12.9124387704 -6.745 32.0
112 56 1 0.0 -11.6826826971 -6.035 32.0
113 57 1 0.0 -10.4529266237 -6.745 32.0
114 57 1 0.0 -9.2231705503 -6.035 32.0
115 58 1 0.0 -7.99341447693 -6.745 32.0
116 58 1 0.0 -6.76365840356 -6.035 32.0
117 59 1 0.0 -5.53390233018 -6.745 32.0
118 59 1 0.0 -4.30414625681 -6.035 32.0
119 60 1 0.0 -3.07439018343 -6.745 32.0
120 60 1 0.0 -1.84463411006 -6.035 32.0
121 61 1 0.0 -0.614878036687 -6.745 32.0
122 61 1 0.0 0.614878036687 -6.035 32.0
123 62 1 0.0 1.84463411006 -6.745 32.0
124 62 1 0.0 3.07439018343 -6.035 32.0
125 63 1 0.0 4.30414625681 -6.745 32.0
126 63 1 0.0 5.53390233018 -6.035 32.0
127 64 1 0.0 6.76365840356 -6.745 32.0
128 64 1 0.0 7.99341447693 -6.035 32.0
129 65 1 0.0 9.2231705503 -6.745 32.0
130 65 1 0.0 10.4529266237 -6.035 32.0
131 66 1 0.0 -19.0612191373 -4.615 32.0
132 66 1 0.0 -17.8314630639 -3.905 32.0
133 67 1 0.0 -16.6017069905 -4.615 32.0
134 67 1 0.0 -15.3719509172 -3.905 32.0
135 68 1 0.0 -14.1421948438 -4.615 32.0
136 68 1 0.0 -12.9124387704 -3.905 32.0
137 69 1 0.0 -11.6826826971 -4.615 32.0
138 69 1 0.0 -10.4529266237 -3.905 32.0
139 70 1 0.0 -9.2231705503 -4.615 32.0
140 70 1 0.0 -7.99341447693 -3.905 32.0
141 71 1 0.0 -6.76365840356 -4.615 32.0
142 71 1 0.0 -5.53390233018 -3.905 32.0
143 72 1 0.0 -4.30414625681 -4.615 32.0
144 72 1 0.0 -3.07439018343 -3.905 32.0
145 73 1 0.0 -1.84463411006 -4.615 32.0
146 73 1 0.0 -0.614878036687 -3.905 32.0
147 74 1 0.0 0.614878036687 -4.615 32.0
148 74 1 0.0 1.84463411006 -3.905 32.0
149 75 1 0.0 3.07439018343 -4.615 32.0
150 75 1 0.0 4.30414625681 -3.905 32.0
151 76 1 0.0 5.53390233018 -4.615 32.0
152 76 1 0.0 6.76365840356 -3.905 32.0
153 77 1 0.0 7.99341447693 -4.615 32.0
154 77 1 0.0 9.2231705503 -3.905 32.0
155 78 1 0.0 10.4529266237 -4.615 32.0
156 78 1 0.0 11.6826826971 -3.905 32.0
157 79 1 0.0 -17.8314630639 -2.485 32.0
158 79 1 0.0 -16.6017069905 -1.775 32.0
159 80 1 0.0 -15.3719509172 -2.485 32.0
160 80 1 0.0 -14.1421948438 -1.775 32.0
161 81 1 0.0 -12.9124387704 -2.485 32.0
162 81 1 0.0 -11.6826826971 -1.775 32.0
163 82 1 0.0 -10.4529266237 -2.485 32.0
164 82 1 0.0 -9.2231705503 -1.775 32.0
165 83 1 0.0 -7.99341447693 -2.485 32.0
166 83 1 0.0 -6.76365840356 -1.775 32.0
167 84 1 0.0 -5.53390233018 -2.485 32.0
168 84 1 0.0 -4.30414625681 -1.775 32.0
169 85 1 0.0 -3.07439018343 -2.485 32.0
170 85 1 0.0 -1.84463411006 -1.775 32.0
171 86 1 0.0 -0.614878036687 -2.485 32.0
172 86 1 0.0 0.614878036687 -1.775 32.0
173 87 1 0.0 1.84463411006 -2.485 32.0
174 87 1 0.0 3.07439018343 -1.775 32.0
175 88 1 0.0 4.30414625681 -2.485 32.0
176 88 1 0.0 5.53390233018 -1.775 32.0
177 89 1 0.0 6.76365840356 -2.485 32.0
178 89 1 0.0 7.99341447693 -1.775 32.0
179 90 1 0.0 9.2231705503 -2.485 32.0
180 90 1 0.0 10.4529266237 -1.775 32.0
181 91 1 0.0 11.6826826971 -2.485 32.0
182 91 1 0.0 12.9124387704 -1.775 32.0
183 92 1 0.0 -16.6017069905 -0.355 32.0
184 92 1 0.0 -15.3719509172 0.355 32.0
185 93 1 0.0 -14.1421948438 -0.355 32.0
186 93 1 0.0 -12.9124387704 0.355 32.0
187 94 1 0.0 -11.6826826971 -0.355 32.0
188 94 1 0.0 -10.4529266237 0.355 32.0
189 95 1 0.0 -9.2231705503 -0.355 32.0
190 95 1 0.0 -7.99341447693 0.355 32.0
191 96 1 0.0 -6.76365840356 -0.355 32.0
192 96 1 0.0 -5.53390233018 0.355 32.0
193 97 1 0.0 -4.30414625681 -0.355 32.0
194 97 1 0.0 -3.07439018343 0.355 32.0
195 98 1 0.0 -1.84463411006 -0.355 32.0
196 98 1 0.0 -0.614878036687 0.355 32.0
197 99 1 0.0 0.614878036687 -0.355 32.0
198 99 1 0.0 1.84463411006 0.355 32.0
199 100 1 0.0 3.07439018343 -0.355 32.0
200 100 1 0.0 4.30414625681 0.355 32.0
201 101 1 0.0 5.53390233018 -0.355 32.0
202 101 1 0.0 6.76365840356 0.355 32.0
203 102 1 0.0 7.99341447693 -0.355 32.0
204 102 1 0.0 9.2231705503 0.355 32.0
205 103 1 0.0 10.4529266237 -0.355 32.0
206 103 1 0.0 11.6826826971 0.355 32.0
207 104 1 0.0 12.9124387704 -0.355 32.0
208 104 1 0.0 14.1421948438 0.355 32.0
209 105 1 0.0 -15.3719509172 1.775 32.0
210 105 1 0.0 -14.1421948438 2.485 32.0
211 106 1 0.0 -12.9124387704 1.775 32.0
212 106 1 0.0 -11.6826826971 2.485 32.0
213 107 1 0.0 -10.4529266237 1.775 32.0
214 107 1 0.0 -9.2231705503 2.485 32.0
215 108 1 0.0 -7.99341447693 1.775 32.0
216 108 1 0.0 -6.76365840356 2.485 32.0
217 109 1 0.0 -5.53390233018 1.775 32.0
218 109 1 0.0 -4.30414625681 2.485 32.0
219 110 1 0.0 -3.07439018343 1.775 32.0
220 110 1 0.0 -1.84463411006 2.485 32.0
221 111 1 0.0 -0.614878036687 1.775 32.0
222 111 1 0.0 0.614878036687 2.485 32.0
223 112 1 0.0 1.84463411006 1.775 32.0
224 112 1 0.0 3.07439018343 2.485 32.0
225 113 1 0.0 4.30414625681 1.775 32.0
226 113 1 0.0 5.53390233018 2.485 32.0
227 114 1 0.0 6.76365840356 1.775 32.0
228 114 1 0.0 7.99341447693 2.485 32.0
229 115 1 0.0 9.2231705503 1.775 32.0
230 115 1 0.0 10.4529266237 2.485 32.0
231 116 1 0.0 11.6826826971 1.775 32.0
232 116 1 0.0 12.9124387704 2.485 32.0
233 117 1 0.0 14.1421948438 1.775 32.0
234 117 1 0.0 15.3719509172 2.485 32.0
235 118 1 0.0 -14.1421948438 3.905 32.0
236 118 1 0.0 -12.9124387704 4.615 32.0
237 119 1 0.0 -11.6826826971 3.905 32.0
238 119 1 0.0 -10.4529266237 4.615 32.0
239 120 1 0.0 -9.2231705503 3.905 32.0
240 120 1 0.0 -7.99341447693 4.615 32.0
241 121 1 0.0 -6.76365840356 3.905 32.0
242 121 1 0.0 -5.53390233018 4.615 32.0
243 122 1 0.0 -4.30414625681 3.905 32.0
244 122 1 0.0 -3.07439018343 4.615 32.0
245 123 1 0.0 -1.84463411006 3.905 32.0
246 123 1 0.0 -0.614878036687 4.615 32.0
247 124 1 0.0 0.614878036687 3.905 32.0
248 124 1 0.0 1.84463411006 4.615 32.0
249 125 1 0.0 3.07439018343 3.905 32.0
250 125 1 0.0 4.30414625681 4.615 32.0
251 126 1 0.0 5.53390233018 3.905 32.0
252 126 1 0.0 6.76365840356 4.615 32.0
253 127 1 0.0 7.99341447693 3.905 32.0
254 127 1 0.0 9.2231705503 4.615 32.0
255 128 1 0.0 10.4529266237 3.905 32.0
256 128 1 0.0 11.6826826971 4.615 32.0
257 129 1 0.0 12.9124387704 3.905 32.0
258 129 1 0.0 14.1421948438 4.615 32.0
259 130 1 0.0 15.3719509172 3.905 32.0
260 130 1 0.0 16.6017069905 4.615 32.0
261 131 1 0.0 -12.9124387704 6.035 32.0
262 131 1 0.0 -11.6826826971 6.745 32.0
263 132 1 0.0 -10.4529266237 6.035 32.0
264 132 1 0.0 -9.2231705503 6.745 32.0
265 133 1 0.0 -7.99341447693 6.035 32.0
266 133 1 0.0 -6.76365840356 6.745 32.0
267 134 1 0.0 -5.53390233018 6.035 32.0
268 134 1 0.0 -4.30414625681 6.745 32.0
269 135 1 0.0 -3.07439018343 6.035 32.0
270 135 1 0.0 -1.84463411006 6.745 32.0
271 136 1 0.0 -0.614878036687 6.035 32.0
272 136 1 0.0 0.614878036687 6.745 32.0
273 137 1 0.0 1.84463411006 6.035 32.0
274 137 1 0.0 3.07439018343 6.745 32.0
275 138 1 0.0 4.30414625681 6.035 32.0
276 138 1 0.0 5.53390233018 6.745 32.0
277 139 1 0.0 6.76365840356 6.035 32.0
278 139 1 0.0 7.99341447693 6.745 32.0
279 140 1 0.0 9.2231705503 6.035 32.0
280 140 1 0.0 10.4529266237 6.745 32.0
281 141 1 0.0 11.6826826971 6.035 32.0
282 141 1 0.0 12.9124387704 6.745 32.0
283 142 1 0.0 14.1421948438 6.035 32.0
284 142 1 0.0 15.3719509172 6.745 32.0
285 143 1 0.0 16.6017069905 6.035 32.0
286 143 1 0.0 17.8314630639 6.745 32.0
287 144 1 0.0 -11.6826826971 8.165 32.0
288 144 1 0.0 -10.4529266237 8.875 32.0
289 145 1 0.0 -9.2231705503 8.165 32.0
290 145 1 0.0 -7.99341447693 8.875 32.0
291 146 1 0.0 -6.76365840356 8.165 32.0
292 146 1 0.0 -5.53390233018 8.875 32.0
293 147 1 0.0 -4.30414625681 8.165 32.0
294 147 1 0.0 -3.07439018343 8.875 32.0
295 148 1 0.0 -1.84463411006 8.165 32.0
296 148 1 0.0 -0.614878036687 8.875 32.0
297 149 1 0.0 0.614878036687 8.165 32.0
298 149 1 0.0 1.84463411006 8.875 32.0
299 150 1 0.0 3.07439018343 8.165 32.0
300 150 1 0.0 4.30414625681 8.875 32.0
301 151 1 0.0 5.53390233018 8.165 32.0
302 151 1 0.0 6.76365840356 8.875 32.0
303 152 1 0.0 7.99341447693 8.165 32.0
304 152 1 0.0 9.2231705503 8.875 32.0
305 153 1 0.0 10.4529266237 8.165 32.0
306 153 1 0.0 11.6826826971 8.875 32.0
307 154 1 0.0 12.9124387704 8.165 32.0
308 154 1 0.0 14.1421948438 8.875 32.0
309 155 1 0.0 15.3719509172 8.165 32.0
310 155 1 0.0 16.6017069905 8.875 32.0
311 156 1 0.0 17.8314630639 8.165 32.0
312 156 1 0.0 19.0612191373 8.875 32.0
313 157 1 0.0 -10.4529266237 10.295 32.0
314 157 1 0.0 -9.2231705503 11.005 32.0
315 158 1 0.0 -7.99341447693 10.295 32.0
316 158 1 0.0 -6.76365840356 11.005 32.0
317 159 1 0.0 -5.53390233018 10.295 32.0
318 159 1 0.0 -4.30414625681 11.005 32.0
319 160 1 0.0 -3.07439018343 10.295 32.0
320 160 1 0.0 -1.84463411006 11.005 32.0
321 161 1 0.0 -0.614878036687 10.295 32.0
322 161 1 0.0 0.614878036687 11.005 32.0
323 162 1 0.0 1.84463411006 10.295 32.0
324 162 1 0.0 3.07439018343 11.005 32.0
325 163 1 0.0 4.30414625681 10.295 32.0
326 163 1 0.0 5.53390233018 11.005 32.0
327 164 1 0.0 6.76365840356 10.295 32.0
328 164 1 0.0 7.99341447693 11.005 32.0
329 165 1 0.0 9.2231705503 10.295 32.0
330 165 1 0.0 10.4529266237 11.005 32.0
331 166 1 0.0 11.6826826971 10.295 32.0
332 166 1 0.0 12.9124387704 11.005 32.0
333 167 1 0.0 14.1421948438 10.295 32.0
334 167 1 0.0 15.3719509172 11.005 32.0
335 168 1 0.0 16.6017069905 10.295 32.0
336 168 1 0.0 17.8314630639 11.005 32.0
337 169 1 0.0 19.0612191373 10.295 32.0
338 169 1 0.0 20.2909752107 11.005 32.0
339 170 1 0.0 -9.2231705503 12.425 32.0
340 170 1 0.0 -7.99341447693 13.135 32.0
341 171 1 0.0 -6.76365840356 12.425 32.0
342 171 1 0.0 -5.53390233018 13.135 32.0
343 172 1 0.0 -4.30414625681 12.425 32.0
344 172 1 0.0 -3.07439018343 13.135 32.0
345 173 1 0.0 -1.84463411006 12.425 32.0
346 173 1 0.0 -0.614878036687 13.135 32.0
347 174 1 0.0 0.614878036687 12.425 32.0
348 174 1 0.0 1.84463411006 13.135 32.0
349 175 1 0.0 3.07439018343 12.425 32.0
350 175 1 0.0 4.30414625681 13.135 32.0
351 176 1 0.0 5.53390233018 12.425 32.0
352 176 1 0.0 6.76365840356 13.135 32.0
353 177 1 0.0 7.99341447693 12.425 32.0
354 177 1 0.0 9.2231705503 13.135 32.0
355 178 1 0.0 10.4529266237 12.425 32.0
356 178 1 0.0 11.6826826971 13.135 32.0
357 179 1 0.0 12.9124387704 12.425 32.0
358 179 1 0.0 14.1421948438 13.135 32.0
359 180 1 0.0 15.3719509172 12.425 32.0
360 180 1 0.0 16.6017069905 13.135 32.0
361 181 1 0.0 17.8314630639 12.425 32.0
362 181 1 0.0 19.0612191373 13.135 32.0
363 182 1 0.0 20.2909752107 12.425 32.0
364 182 1 0.0 21.520731284 13.135 32.0
365 183 1 0.0 -25.2099995042 -15.265 58.26
366 183 1 0.0 -23.9802434308 -14.555 58.26
367 184 1 0.0 -22.7504873574 -15.265 58.26
368 184 1 0.0 -21.520731284 -14.555 58.26
369 185 1 0.0 -20.2909752107 -15.265 58.26
370 185 1 0.0 -19.0612191373 -14.555 58.26
371 186 1 0.0 -17.8314630639 -15.265 58.26
372 186 1 0.0 -16.6017069905 -14.555 58.26
373 187 1 0.0 -15.3719509172 -15.265 58.26
374 187 1 0.0 -14.1421948438 -14.555 58.26
375 188 1 0.0 -12.9124387704 -15.265 58.26
376 188 1 0.0 -11.6826826971 -14.555 58.26
377 189 1 0.0 -10.4529266237 -15.265 58.26
378 189 1 0.0 -9.2231705503 -14.555 58.26
379 190 1 0.0 -7.99341447693 -15.265 58.26
380 190 1 0.0 -6.76365840356 -14.555 58.26
381 191 1 0.0 -5.53390233018 -15.265 58.26
382 191 1 0.0 -4.30414625681 -14.555 58.26
383 192 1 0.0 -3.07439018343 -15.265 58.26
384 192 1 0.0 -1.84463411006 -14.555 58.26
385 193 1 0.0 -0.614878036687 -15.265 58.26
386 193 1 0.0 0.614878036687 -14.555 58.26
387 194 1 0.0 1.84463411006 -15.265 58.26
388 194 1 0.0 3.07439018343 -14.555 58.26
389 195 1 0.0 4.30414625681 -15.265 58.26
390 195 1 0.0 5.53390233018 -14.555 58.26
391 196 1 0.0 -23.9802434308 -13.135 58.26
392 196 1 0.0 -22.7504873574 -12.425 58.26
393 197 1 0.0 -21.520731284 -13.135 58.26
394 197 1 0.0 -20.2909752107 -12.425 58.26
395 198 1 0.0 -19.0612191373 -13.135 58.26
396 198 1 0.0 -17.8314630639 -12.425 58.26
397 199 1 0.0 -16.6017069905 -13.135 58.26
398 199 1 0.0 -15.3719509172 -12.425 58.26
399 200 1 0.0 -14.1421948438 -13.135 58.26
400 200 1 0.0 -12.9124387704 -12.425 58.26
401 201 1 0.0 -11.6826826971 -13.135 58.26
402 201 1 0.0 -10.4529266237 -12.425 58.26
403 202 1 0.0 -9.2231705503 -13.135 58.26
404 202 1 0.0 -7.99341447693 -12.425 58.26
405 203 1 0.0 -6.76365840356 -13.135 58.26
406 203 1 0.0 -5.53390233018 -12.425 58.26
407 204 1 0.0 -4.30414625681 -13.135 58.26
408 204 1 0.0 -3.07439018343 -12.425 58.26
409 205 1 0.0 -1.84463411006 -13.135 58.26
410 205 1 0.0 -0.614878036687 -12.425 58.26
411 206 1 0.0 0.614878036687 -13.135 58.26
412 206 1 0.0 1.84463411006 -12.425 58.26
413 207 1 0.0 3.07439018343 -13.135 58.26
414 207 1 0.0 4.30414625681 -12.425 58.26
415 208 1 0.0 5.53390233018 -13.135 58.26
416 208 1 0.0 6.76365840356 -12.425 58.26
417 209 1 0.0 -22.7504873574 -11.005 58.26
418 209 1 0.0 -21.520731284 -10.295 58.26
419 210 1 0.0 -20.2909752107 -11.005 58.26
420 210 1 0.0 -19.0612191373 -10.295 58.26
421 211 1 0.0 -17.8314630639 -11.005 58.26
422 211 1 0.0 -16.6017069905 -10.295 58.26
423 212 1 0.0 -15.3719509172 -11.005 58.26
424 212 1 0.0 -14.1421948438 -10.295 58.26
425 213 1 0.0 -12.9124387704 -11.005 58.26
426 213 1 0.0 -11.6826826971 -10.295 58.26
427 214 1 0.0 -10.4529266237 -11.005 58.26
428 214 1 0.0 -9.2231705503 -10.295 58.26
429 215 1 0.0 -7.99341447693 -11.005 58.26
430 215 1 0.0 -6.76365840356 -10.295 58.26
431 216 1 0.0 -5.53390233018 -11.005 58.26
432 216 1 0.0 -4.30414625681 -10.295 58.26
433 217 1 0.0 -3.07439018343 -11.005 58.26
434 217 1 0.0 -1.84463411006 -10.295 58.26
435 218 1 0.0 -0.614878036687 -11.005 58.26
436 218 1 0.0 0.614878036687 -10.295 58.26
437 219 1 0.0 1.84463411006 -11.005 58.26
438 219 1 0.0 3.07439018343 -10.295 58.26
439 220 1 0.0 4.30414625681 -11.005 58.26
440 220 1 0.0 5.53390233018 -10.295 58.26
441 221 1 0.0 6.76365840356 -11.005 58.26
442 221 1 0.0 7.99341447693 -10.295 58.26
443 222 1 0.0 -21.520731284 -8.875 58.26
444 222 1 0.0 -20.2909752107 -8.165 58.26
445 223 1 0.0 -19.0612191373 -8.875 58.26
446 223 1 0.0 -17.8314630639 -8.165 58.26
447 224 1 0.0 -16.6017069905 -8.875 58.26
448 224 1 0.0 -15.3719509172 -8.165 58.26
449 225 1 0.0 -14.1421948438 -8.875 58.26
450 225 1 0.0 -12.9124387704 -8.165 58.26
451 226 1 0.0 -11.6826826971 -8.875 58.26
452 226 1 0.0 -10.4529266237 -8.165 58.26
453 227 1 0.0 -9.2231705503 -8.875 58.26
454 227 1 0.0 -7.99341447693 -8.165 58.26
455 228 1 0.0 -6.76365840356 -8.875 58.26
456 228 1 0.0 -5.53390233018 -8.165 58.26
457 229 1 0.0 -4.30414625681 -8.875 58.26
458 229 1 0.0 -3.07439018343 -8.165 58.26
459 230 1 0.0 -1.84463411006 -8.875 58.26
460 230 1 0.0 -0.614878036687 -8.165 58.26
461 231 1 0.0 0.614878036687 -8.875 58.26
462 231 1 0.0 1.84463411006 -8.165 58.26
463 232 1 0.0 3.07439018343 -8.875 58.26
464 232 1 0.0 4.30414625681 -8.165 58.26
465 233 1 0.0 5.53390233018 -8.875 58.26
466 233 1 0.0 6.76365840356 -8.165 58.26
467 234 1 0.0 7.99341447693 -8.875 58.26
468 234 1 0.0 9.2231705503 -8.165 58.26
469 235 1 0.0 -20.2909752107 -6.745 58.26
470 235 1 0.0 -19.0612191373 -6.035 58.26
471 236 1 0.0 -17.8314630639 -6.745 58.26
472 236 1 0.0 -16.6017069905 -6.035 58.26
473 237 1 0.0 -15.3719509172 -6.745 58.26
474 237 1 0.0 -14.1421948438 -6.035 58.26
475 238 1 0.0 -12.9124387704 -6.745 58.26
476 238 1 0.0 -11.6826826971 -6.035 58.26
477 239 1 0.0 -10.4529266237 -6.745 58.26
478 239 1 0.0 -9.2231705503 -6.035 58.26
479 240 1 0.0 -7.99341447693 -6.745 58.26
480 240 1 0.0 -6.76365840356 -6.035 58.26
481 241 1 0.0 -5.53390233018 -6.745 58.26
482 241 1 0.0 -4.30414625681 -6.035 58.26
483 242 1 0.0 -3.07439018343 -6.745 58.26
484 242 1 0.0 -1.84463411006 -6.035 58.26
485 243 1 0.0 -0.614878036687 -6.745 58.26
486 243 1 0.0 0.614878036687 -6.035 58.26
487 244 1 0.0 1.84463411006 -6.745 58.26
488 244 1 0.0 3.07439018343 -6.035 58.26
489 245 1 0.0 4.30414625681 -6.745 58.26
490 245 1 0.0 5.53390233018 -6.035 58.26
491 246 1 0.0 6.76365840356 -6.745 58.26
492 246 1 0.0 7.99341447693 -6.035 58.26
493 247 1 0.0 9.2231705503 -6.745 58.26
494 247 1 0.0 10.4529266237 -6.035 58.26
495 248 1 0.0 -19.0612191373 -4.615 58.26
496 248 1 0.0 -17.8314630639 -3.905 58.26
497 249 1 0.0 -16.6017069905 -4.615 58.26
498 249 1 0.0 -15.3719509172 -3.905 58.26
499 250 1 0.0 -14.1421948438 -4.615 58.26
500 250 1 0.0 -12.9124387704 -3.905 58.26
501 251 1 0.0 -11.6826826971 -4.615 58.26
502 251 1 0.0 -10.4529266237 -3.905 58.26
503 252 1 0.0 -9.2231705503 -4.615 58.26
504 252 1 0.0 -7.99341447693 -3.905 58.26
505 253 1 0.0 -6.76365840356 -4.615 58.26
506 253 1 0.0 -5.53390233018 -3.905 58.26
507 254 1 0.0 -4.30414625681 -4.615 58.26
508 254 1 0.0 -3.07439018343 -3.905 58.26
509 255 1 0.0 -1.84463411006 -4.615 58.26
510 255 1 0.0 -0.614878036687 -3.905 58.26
511 256 1 0.0 0.614878036687 -4.615 58.26
512 256 1 0.0 1.84463411006 -3.905 58.26
513 257 1 0.0 3.07439018343 -4.615 58.26
514 257 1 0.0 4.30414625681 -3.905 58.26
515 258 1 0.0 5.53390233018 -4.615 58.26
516 258 1 0.0 6.76365840356 -3.905 58.26
517 259 1 0.0 7.99341447693 -4.615 58.26
518 259 1 0.0 9.2231705503 -3.905 58.26
519 260 1 0.0 10.4529266237 -4.615 58.26
520 260 1 0.0 11.6826826971 -3.905 58.26
521 261 1 0.0 -17.8314630639 -2.485 58.26
522 261 1 0.0 -16.6017069905 -1.775 58.26
523 262 1 0.0 -15.3719509172 -2.485 58.26
524 262 1 0.0 -14.1421948438 -1.775 58.26
525 263 1 0.0 -12.9124387704 -2.485 58.26
526 263 1 0.0 -11.6826826971 -1.775 58.26
527 264 1 0.0 -10.4529266237 -2.485 58.26
528 264 1 0.0 -9.2231705503 -1.775 58.26
529 265 1 0.0 -7.99341447693 -2.485 58.26
530 265 1 0.0 -6.76365840356 -1.775 58.26
531 266 1 0.0 -5.53390233018 -2.485 58.26
532 266 1 0.0 -4.30414625681 -1.775 58.26
533 267 1 0.0 -3.07439018343 -2.485 58.26
534 267 1 0.0 -1.84463411006 -1.775 58.26
535 268 1 0.0 -0.614878036687 -2.485 58.26
536 268 1 0.0 0.614878036687 -1.775 58.26
537 269 1 0.0 1.84463411006 -2.485 58.26
538 269 1 0.0 3.07439018343 -1.775 58.26
539 270 1 0.0 4.30414625681 -2.485 58.26
540 270 1 0.0 5.53390233018 -1.775 58.26
541 271 1 0.0 6.76365840356 -2.485 58.26
542 271 1 0.0 7.99341447693 -1.775 58.26
543 272 1 0.0 9.2231705503 -2.485 58.26
544 272 1 0.0 10.4529266237 -1.775 58.26
545 273 1 0.0 11.6826826971 -2.485 58.26
546 273 1 0.0 12.9124387704 -1.775 58.26
547 274 1 0.0 -16.6017069905 -0.355 58.26
548 274 1 0.0 -15.3719509172 0.355 58.26
549 275 1 0.0 -14.1421948438 -0.355 58.26
550 275 1 0.0 -12.9124387704 0.355 58.26
551 276 1 0.0 -11.6826826971 -0.355 58.26
552 276 1 0.0 -10.4529266237 0.355 58.26
553 277 1 0.0 -9.2231705503 -0.355 58.26
554 277 1 0.0 -7.99341447693 0.355 58.26
555 278 1 0.0 -6.76365840356 -0.355 58.26
556 278 1 0.0 -5.53390233018 0.355 58.26
557 279 1 0.0 -4.30414625681 -0.355 58.26
558 279 1 0.0 -3.07439018343 0.355 58.26
559 280 1 0.0 -1.84463411006 -0.355 58.26
560 280 1 0.0 -0.614878036687 0.355 58.26
561 281 1 0.0 0.614878036687 -0.355 58.26
562 281 1 0.0 1.84463411006 0.355 58.26
563 282 1 0.0 3.07439018343 -0.355 58.26
564 282 1 0.0 4.30414625681 0.355 58.26
565 283 1 0.0 5.53390233018 -0.355 58.26
566 283 1 0.0 6.76365840356 0.355 58.26
567 284 1 0.0 7.99341447693 -0.355 58.26
568 284 1 0.0 9.2231705503 0.355 58.26
569 285 1 0.0 10.4529266237 -0.355 58.26
570 285 1 0.0 11.6826826971 0.355 58.26
571 286 1 0.0 12.9124387704 -0.355 58.26
572 286 1 0.0 14.1421948438 0.355 58.26
573 287 1 0.0 -15.3719509172 1.775 58.26
574 287 1 0.0 -14.1421948438 2.485 58.26
575 288 1 0.0 -12.9124387704 1.775 58.26
576 288 1 0.0 -11.6826826971 2.485 58.26
577 289 1 0.0 -10.4529266237 1.775 58.26
578 289 1 0.0 -9.2231705503 2.485 58.26
579 290 1 0.0 -7.99341447693 1.775 58.26
580 290 1 0.0 -6.76365840356 2.485 58.26
581 291 1 0.0 -5.53390233018 1.775 58.26
582 291 1 0.0 -4.30414625681 2.485 58.26
583 292 1 0.0 -3.07439018343 1.775 58.26
584 292 1 0.0 -1.84463411006 2.485 58.26
585 293 1 0.0 -0.614878036687 1.775 58.26
586 293 1 0.0 0.614878036687 2.485 58.26
587 294 1 0.0 1.84463411006 1.775 58.26
588 294 1 0.0 3.07439018343 2.485 58.26
589 295 1 0.0 4.30414625681 1.775 58.26
590 295 1 0.0 5.53390233018 2.485 58.26
591 296 1 0.0 6.76365840356 1.775 58.26
592 296 1 0.0 7.99341447693 2.485 58.26
593 297 1 0.0 9.2231705503 1.775 58.26
594 297 1 0.0 10.4529266237 2.485 58.26
595 298 1 0.0 11.6826826971 1.775 58.26
596 298 1 0.0 12.9124387704 2.485 58.26
597 299 1 0.0 14.1421948438 1.775 58.26
598 299 1 0.0 15.3719509172 2.485 58.26
599 300 1 0.0 -14.1421948438 3.905 58.26
600 300 1 0.0 -12.9124387704 4.615 58.26
601 301 1 0.0 -11.6826826971 3.905 58.26
602 301 1 0.0 -10.4529266237 4.615 58.26
603 302 1 0.0 -9.2231705503 3.905 58.26
604 302 1 0.0 -7.99341447693 4.615 58.26
605 303 1 0.0 -6.76365840356 3.905 58.26
606 303 1 0.0 -5.53390233018 4.615 58.26
607 304 1 0.0 -4.30414625681 3.905 58.26
608 304 1 0.0 -3.07439018343 4.615 58.26
609 305 1 0.0 -1.84463411006 3.905 58.26
610 305 1 0.0 -0.614878036687 4.615 58.26
611 306 1 0.0 0.614878036687 3.905 58.26
612 306 1 0.0 1.84463411006 4.615 58.26
613 307 1 0.0 3.07439018343 3.905 58.26
614 307 1 0.0 4.30414625681 4.615 58.26
615 308 1 0.0 5.53390233018 3.905 58.26
616 308 1 0.0 6.76365840356 4.615 58.26
617 309 1 0.0 7.99341447693 3.905 58.26
618 309 1 0.0 9.2231705503 4.615 58.26
619 310 1 0.0 10.4529266237 3.905 58.26
620 310 1 0.0 11.6826826971 4.615 58.26
621 311 1 0.0 12.9124387704 3.905 58.26
622 311 1 0.0 14.1421948438 4.615 58.26
623 312 1 0.0 15.3719509172 3.905 58.26
624 312 1 0.0 16.6017069905 4.615 58.26
625 313 1 0.0 -12.9124387704 6.035 58.26
626 313 1 0.0 -11.6826826971 6.745 58.26
627 314 1 0.0 -10.4529266237 6.035 58.26
628 314 1 0.0 -9.2231705503 6.745 58.26
629 315 1 0.0 -7.99341447693 6.035 58.26
630 315 1 0.0 -6.76365840356 6.745 58.26
631 316 1 0.0 -5.53390233018 6.035 58.26
632 316 1 0.0 -4.30414625681 6.745 58.26
633 317 1 0.0 -3.07439018343 6.035 58.26
634 317 1 0.0 -1.84463411006 6.745 58.26
635 318 1 0.0 -0.614878036687 6.035 58.26
636 318 1 0.0 0.614878036687 6.745 58.26
637 319 1 0.0 1.84463411006 6.035 58.26
638 319 1 0.0 3.07439018343 6.745 58.26
639 320 1 0.0 4.30414625681 6.035 58.26
640 320 1 0.0 5.53390233018 6.745 58.26
641 321 1 0.0 6.76365840356 6.035 58.26
642 321 1 0.0 7.99341447693 6.745 58.26
643 322 1 0.0 9.2231705503 6.035 58.26
644 322 1 0.0 10.4529266237 6.745 58.26
645 323 1 0.0 11.6826826971 6.035 58.26
646 323 1 0.0 12.9124387704 6.745 58.26
647 324 1 0.0 14.1421948438 6.035 58.26
648 324 1 0.0 15.3719509172 6.745 58.26
649 325 1 0.0 16.6017069905 6.035 58.26
650 325 1 0.0 17.8314630639 6.745 58.26
651 326 1 0.0 -11.6826826971 8.165 58.26
652 326 1 0.0 -10.4529266237 8.875 58.26
653 327 1 0.0 -9.2231705503 8.165 58.26
654 327 1 0.0 -7.99341447693 8.875 58.26
655 328 1 0.0 -6.76365840356 8.165 58.26
656 328 1 0.0 -5.53390233018 8.875 58.26
657 329 1 0.0 -4.30414625681 8.165 58.26
658 329 1 0.0 -3.07439018343 8.875 58.26
659 330 1 0.0 -1.84463411006 8.165 58.26
660 330 1 0.0 -0.614878036687 8.875 58.26
661 331 1 0.0 0.614878036687 8.165 58.26
662 331 1 0.0 1.84463411006 8.875 58.26
663 332 1 0.0 3.07439018343 8.165 58.26
664 332 1 0.0 4.30414625681 8.875 58.26
665 333 1 0.0 5.53390233018 8.165 58.26
666 333 1 0.0 6.76365840356 8.875 58.26
667 334 1 0.0 7.99341447693 8.165 58.26
668 334 1 0.0 9.2231705503 8.875 58.26
669 335 1 0.0 10.4529266237 8.165 58.26
670 335 1 0.0 11.6826826971 8.875 58.26
671 336 1 0.0 12.9124387704 8.165 58.26
672 336 1 0.0 14.1421948438 8.875 58.26
673 337 1 0.0 15.3719509172 8.165 58.26
674 337 1 0.0 16.6017069905 8.875 58.26
675 338 1 0.0 17.8314630639 8.165 58.26
676 338 1 0.0 19.0612191373 8.875 58.26
677 339 1 0.0 -10.4529266237 10.295 58.26
678 339 1 0.0 -9.2231705503 11.005 58.26
679 340 1 0.0 -7.99341447693 10.295 58.26
680 340 1 0.0 -6.76365840356 11.005 58.26
681 341 1 0.0 -5.53390233018 10.295 58.26
682 341 1 0.0 -4.30414625681 11.005 58.26
683 342 1 0.0 -3.07439018343 10.295 58.26
684 342 1 0.0 -1.84463411006 11.005 58.26
685 343 1 0.0 -0.614878036687 10.295 58.26
686 343 1 0.0 0.614878036687 11.005 58.26
687 344 1 0.0 1.84463411006 10.295 58.26
688 344 1 0.0 3.07439018343 11.005 58.26
689 345 1 0.0 4.30414625681 10.295 58.26
690 345 1 0.0 5.53390233018 11.005 58.26
691 346 1 0.0 6.76365840356 10.295 58.26
692 346 1 0.0 7.99341447693 11.005 58.26
693 347 1 0.0 9.2231705503 10.295 58.26
694 347 1 0.0 10.4529266237 11.005 58.26
695 348 1 0.0 11.6826826971 10.295 58.26
696 348 1 0.0 12.9124387704 11.005 58.26
697 349 1 0.0 14.1421948438 10.295 58.26
698 349 1 0.0 15.3719509172 11.005 58.26
699 350 1 0.0 16.6017069905 10.295 58.26
700 350 1 0.0 17.8314630639 11.005 58.26
701 351 1 0.0 19.0612191373 10.295 58.26
702 351 1 0.0 20.2909752107 11.005 58.26
703 352 1 0.0 -9.2231705503 12.425 58.26
704 352 1 0.0 -7.99341447693 13.135 58.26
705 353 1 0.0 -6.76365840356 12.425 58.26
706 353 1 0.0 -5.53390233018 13.135 58.26
707 354 1 0.0 -4.30414625681 12.425 58.26
708 354 1 0.0 -3.07439018343 13.135 58.26
709 355 1 0.0 -1.84463411006 12.425 58.26
710 355 1 0.0 -0.614878036687 13.135 58.26
711 356 1 0.0 0.614878036687 12.425 58.26
712 356 1 0.0 1.84463411006 13.135 58.26
713 357 1 0.0 3.07439018343 12.425 58.26
714 357 1 0.0 4.30414625681 13.135 58.26
715 358 1 0.0 5.53390233018 12.425 58.26
716 358 1 0.0 6.76365840356 13.135 58.26
717 359 1 0.0 7.99341447693 12.425 58.26
718 359 1 0.0 9.2231705503 13.135 58.26
719 360 1 0.0 10.4529266237 12.425 58.26
720 360 1 0.0 11.6826826971 13.135 58.26
721 361 1 0.0 12.9124387704 12.425 58.26
722 361 1 0.0 14.1421948438 13.135 58.26
723 362 1 0.0 15.3719509172 12.425 58.26
724 362 1 0.0 16.6017069905 13.135 58.26
725 363 1 0.0 17.8314630639 12.425 58.26
726 363 1 0.0 19.0612191373 13.135 58.26
727 364 1 0.0 20.2909752107 12.425 58.26
728 364 1 0.0 21.520731284 13.135 58.26
