# Fix print output for fix def1
-5.23859208590633e-16 0.0776227126320024 0.0179208294132913 0.00877468439844487
3.48890930006137e-16 0.12262770327282 -0.0387955038471839 -0.00993195338952745
1.21990078916403e-15 0.208368406105127 0.00660426239473816 0.0185458103483379
-3.48195928153535e-16 0.244099051573656 0.000148770136316784 -0.0131078138340773
1.73924732271716e-16 0.295598912602651 -0.026202763340422 -0.0221212848296303
1.04251106918335e-15 0.404575866276478 0.0339456762661218 0.0410631594977858
-5.20737902481851e-16 0.444298139580267 -0.0369104708167111 0.00049217244094452
3.4681419827991e-16 0.554247268917498 0.0288960941840689 0.0583291160468598
1.21264667148813e-15 0.564276815786565 -0.0015463459100785 -0.0402437638135269
-3.46127437491237e-16 0.660735271650706 0.00947978887858762 0.000642344369941048
5.18677614044732e-16 0.719849373870369 -0.0215801891852436 -0.00561121941590879
-1.20905186910229e-15 0.802241549918862 -0.0102223887731261 -0.0182630458711309
-6.90204761828527e-16 0.846390806322178 0.0387385789265353 0.0394883304158847
1.72381021630251e-16 0.886093934894096 -0.0196637308510636 -0.0113452573885596
1.03326712866842e-15 1.01452366363801 0.0122803375316216 0.0390043235939484
-5.16125066731519e-16 1.02526184213508 -0.028108795605778 -0.0340133983024792
3.43745046082743e-16 1.10690670290775 0.0342300472548314 0.00278480371792662
-1.20192582665179e-15 1.16021048337044 -0.00352797707796622 0.000353443152448019
-3.43070374745976e-16 1.23369806913553 -0.00247563159367924 -0.0111154486062825
5.14101046861984e-16 1.30022374609188 0.0288798506268067 0.0477510600731247
1.02719503976342e-15 1.30619933097614 -0.069165534608869 -0.0369630817705861
-5.13094978277127e-16 1.43521945619189 0.0686328717684951 0.036924580181594
3.41728946105718e-16 1.44167240436899 -0.0318581977094852 -0.0160258812734886
1.19488329251125e-15 1.55896930816201 0.0280683882111193 0.0315729740914253
-3.41062157918194e-16 1.57495593281429 -0.0300299236902672 0.00398893622358803
5.11094607991446e-16 1.65416136568848 0.00920450088596394 -0.0311347730401239
-1.19139288367237e-15 1.73455731013068 0.0325450060501514 0.0335957685553146
-3.40066840336721e-16 1.75175483171276 -0.0420563480384172 -0.0632478181146651
3.39736357498687e-16 1.91920963759057 0.0660398844317051 0.0275249896984033
1.01821954912471e-15 1.89081864149563 -0.0376956883708996 -0.0490513134401724
-5.08615972647162e-16 1.9877153933817 -0.00152245171004888 0.0229222381228592
3.38748751808284e-16 2.03295901841706 0.0243285619253194 -0.00474471556305732
-1.18447288628414e-15 2.04941144733731 -0.0182452905157336 -0.0568865795802152
-3.38093531785444e-16 2.17284373828296 0.0367765697543701 0.0107790370793581
5.0665030705239e-16 2.21797548270282 -0.0307786503329691 -0.0099132223451927
-1.01232252470893e-15 2.3172087397254 0.0232659864761268 0.0130767672450778
-1.68557720282618e-16 2.34353095175349 0.0101249514623356 -0.0226481312717191
3.36790666537716e-16 2.37667254770204 -0.0225591001331046 -0.0061239816809525
1.17763281186865e-15 2.46539235998398 -0.018974025306803 0.0107359126053391
-3.3614299217899e-16 2.54741539197666 0.0143171269504051 0.0195583055257325
5.03730132371973e-16 2.61503753347035 0.0155520146251886 0.0183220228464807
-1.00649341228258e-15 2.65599841096481 0.0229538131962865 0.00372502981985733
-1.67588068967473e-16 2.70473220123676 0.0214117463527345 -0.0176343058504662
6.69710175988792e-16 2.76736683691945 0.020316980888098 0.00939645444742513
-1.00360395751048e-15 2.8187816858912 0.00867103229853555 -0.0178522826399099
-5.01322244549927e-16 2.88277674424388 -0.00496156355926246 -0.0190860157628059
3.33895617828223e-16 2.93463715262136 -0.0170701631557141 0.0141801301266089
-1.16751955298809e-15 2.99618301594014 -0.00368846917686138 -0.0194302199136148
-3.33259019891467e-16 3.0948691423761 0.0295160779193728 0.0126337026332306
4.99412445523071e-16 3.12383287351862 0.00793388148754577 -0.0176651929503415
-9.97874534346762e-16 3.15331685325602 0.00153574713337406 -0.0110971747001609
-1.66154330734862e-16 3.22268275657462 0.0201621696393498 0.0204251213679751
6.63986157390597e-16 3.26351866112233 -0.0415267103031858 -0.00646459913986321
-9.95034284249001e-16 3.35983656681758 0.0151432451293468 0.0114099077009212
-3.31363707929999e-16 3.39534886865774 -0.00122495713381565 -0.000921921133593814
4.96574874809871e-16 3.47378970357202 -0.0189902459770251 0.0180520254253398
-9.92210156668351e-16 3.54874756355158 -0.0133153378887195 0.0137591551644337
-1.65212056647519e-16 3.58646860631184 0.00127525231938197 0.00637886674169753
6.60224196158922e-16 3.62838232065607 0.00615083798614876 -0.0245822865727124
-9.89402014715516e-16 3.68359603536784 0.0170001293676362 -0.0179814711107771
-1.64744916053793e-16 3.75562490890948 0.0068612202216389 -0.00827680851451049
4.93769367042584e-16 3.8055354870793 -0.0254206358359817 0.0245983317994451
-1.1510446768876e-15 3.89625656334455 -0.00998186533468704 0.00123509675561896
-3.28560819423073e-16 3.94388344430338 0.0226204295540217 0.0188101081143277
4.92378467417112e-16 3.98687854457507 -0.01191840107906 -0.0470193199767505
-9.83833147840944e-16 4.0772665451806 0.0268653346228348 0.0164665251401416
-1.63818515401195e-16 4.1224922313153 0.00607815988038837 0.00567818978272028
6.54660509112639e-16 4.15663243703202 -0.0158525051760967 0.00228900146488261
-8.17560130650489e-16 4.22068491195925 0.0216773539846282 0.0650910117769945
-1.63359211152406e-16 4.21751605751009 -0.027739526797445 -0.0511393708520042
4.89620044630461e-16 4.33678647083075 0.0639185764542296 0.0443845671901579
-9.78326619028402e-16 4.32734788707626 -0.0522003273086303 -0.0210035487062564
-1.62902475240517e-16 4.45755918620065 0.0677909523748022 0.0406780721095993
6.51003187832681e-16 4.46520846759388 -0.00914493701197494 -0.013618090390038
-8.12997004339881e-16 4.51037955484493 -0.00451789880847897 0.0262072094564734
0 4.60558072875161 0.0445253720703032 0.0611859354473722
6.49189808479386e-16 4.61290085075862 -0.068142191687334 -0.0413276615638424
-8.10734489485503e-16 4.7248059828016 0.0644925361740062 0.0395550502509622
-1.61996622736862e-16 4.73025280571975 -0.036322639974654 -0.0380494809086481
4.85539877591874e-16 4.8415287125607 0.0442965052093315 0.0703954918966348
-9.70181439036491e-16 4.88121139221714 0.00936689244306087 0.00737303384354981
-1.61547463893784e-16 4.94304001869099 0.00924184194802455 0.0332867308812266
6.45593189041827e-16 4.98140799626892 -0.00649948490135255 -0.00124394497610187
-8.06247029211598e-16 5.01375782620575 -0.0145647670943106 -0.0301903359150217
0 5.13935421956045 0.0444719181853413 0.0164311720982178
8.0476222805283e-16 5.15202941944806 -0.0430064064430419 -0.0355171161972665
-8.04021876417086e-16 5.25396902915094 0.0401310695567737 0.0187801262590972
-1.6065657714437e-16 5.2822769826339 0.00452096547865008 -0.00735569549286024
6.42036201774379e-16 5.30683789580797 -0.0242518191566636 -0.0141197322907525
-8.01808972170067e-16 5.42063580977253 0.0460729475411669 0.0268495962556573
0 5.40421955549045 -0.0563137463571236 -0.0591680166817538
8.00340457569024e-16 5.54402577218684 0.0680412053764127 0.0259151122385826
-7.99608215613332e-16 5.53629353651542 -0.053197524594432 -0.0373257022261011
0 5.57971643402576 -0.0227487433479482 0.00566688059818844
6.38518195189314e-16 5.68833197150746 0.0655397731411839 0.0602267739164154
-9.56903408392743e-16 5.70967557406307 -0.0322615728671859 -0.053185472986277
-1.59338519537898e-16 5.81480615311416 0.0601709922110102 0.0426126908858904
6.36773609956556e-16 5.82017636433565 -0.0357667645333233 -0.0118868957461181
-7.95242747648201e-16 5.88540938577661 0.0241329899814111 0.0471887587342424
0 5.9114675077987 -0.0153904279773041 -0.00446985653060864
7.93798165000339e-16 5.9482488909145 -0.00397282907732274 0.00903738895050458
-6.34462271989381e-16 6.02502389638325 0.000546660643518186 -0.0229252926084253
0 6.09325225274501 0.0218779607074956 -0.00028238376478194
7.9164110476936e-16 6.088182701775 -0.013613070954384 -0.00785939347686342
-7.90924687479975e-16 6.16334971069155 -0.0175601094944554 -0.0231511775363806
0 6.226394744587 -0.00943005581377715 0.0115342234142603
7.89495735921747e-16 6.25660702717713 -0.0427470161277981 -0.0111633322356515
-6.3102655571507e-16 6.37308274450843 0.0144198833322438 -0.0161558326925858
1.57614387676352e-16 6.38913324949856 0.0181176073357066 -0.0209990605421031
7.87361963662499e-16 6.49453136524446 0.0465756656974387 -0.011036184406948
-6.2932261362043e-16 6.46485543981757 -0.0436958367399691 -0.00854843889007648
0 6.59198004250998 0.0291921389219867 0.0375087649600928
6.28191755374932e-16 6.58740861904522 0.00265282543136953 -0.0127546091096082
-7.84534811189742e-16 6.65416524424673 0.00679017171443668 0.0442695035148989
0 6.67699211956453 -0.0288057066539431 -0.0651638445494779
7.83128834825604e-16 6.73675850425237 -0.0238232828455774 0.0129526799450087
-6.25942187763919e-16 6.76229863226031 -0.0304003693109304 0.0406033225340785
1.5634557775767e-16 6.81391193304987 -0.0619124449066521 -0.0254767926257651
9.37235152456165e-16 6.92249741790846 0.0476500951375305 -0.0128938168691907
-6.24265556903838e-16 6.92747583758448 0.0153125934139506 -0.0564523239754362
0 7.00162865980842 0.0268275759813198 -0.0145681391631467
7.78940980093916e-16 7.01224295706654 -0.0177464335115769 0.0400951443052457
-6.22597884000265e-16 7.09256546639501 -0.0498657574280331 0.0303597343994247
1.5551099282302e-16 7.11328920209281 0.0151253858635625 0.0113053197243116
9.32236564976399e-16 7.2354698413884 0.0375453344242161 -0.0281119584536061
-6.20939097453195e-16 7.17947711706327 -0.0336002403563392 -0.00205244502824528
1.5509703277114e-16 7.28480952580574 0.0227694846618323 -0.0085904650329646
7.7479767700831e-16 7.29777791755919 -0.0449836631779873 -0.0405329431276598
-6.19289126423648e-16 7.38094709580089 0.0557707254670785 0.0240431235472829
0 7.4105655762755 -0.0439606157622299 0.0139800224820035
7.72742510756299e-16 7.46380277363626 0.0295484980948339 0.0273478554002887
-6.17647900823585e-16 7.47577942411168 -0.012416570733627 -0.0481220752638079
1.54275689261319e-16 7.56126060754887 0.0411533828855233 -0.0260603212628687
9.24837862079761e-16 7.5852781356239 0.0152635925317083 0.0246017276782318
-4.62011513479492e-16 7.61422503443595 -0.0543893179046899 -0.0113776787675992
3.07736542135695e-16 7.72702982293288 0.0578977346655233 0.0327272832293243
9.22397656638917e-16 7.64596791281046 -0.0226286754091497 -0.0803529200981833
-6.14391409255095e-16 7.70778638743132 0.0295645583380914 0.00297940513172016
1.53462999063279e-16 7.82350225350789 0.0349188816862635 0.0122448328494919
9.19970294384604e-16 7.83330669735921 0.0481670262453468 0.015881586179872
-4.5958200508258e-16 7.82135156346607 -0.0586542232501605 -0.0306876836244064
3.06119712667381e-16 7.91388279882559 0.0332196495235324 0.0493126874888558
9.17555674189369e-16 7.95013370750407 -0.0246003274851667 -0.0172593828101998
-6.11169076689072e-16 7.94769774373475 -0.0241496556155191 0.0181697874123901
1.52658826142423e-16 7.99019367305414 0.029874689020863 -0.0227263375369164
7.62628079987237e-16 8.03047078987298 -0.016591889874678 0.00522740468946578
-6.09570552512902e-16 7.99264614975726 -0.00199236576021561 -0.0131391779515474
1.52259891927765e-16 8.05165871890263 -0.00752383782038473 0.00625277228898238
9.12764260747127e-16 8.00549994575693 -0.0208610903887357 -0.0355059064196074
-4.55985276347151e-16 8.05240771116855 0.0434801254869551 0.036821274007942
3.03726074601346e-16 7.85037710718304 -0.080177248600559 -0.019026007360532
1.06211848223223e-15 7.76841739283578 -0.00546755095806829 0.0163797092862816
-4.54798844578685e-16 7.58431242155583 0.0143830705723993 -0.0182103752415322
3.02936492085051e-16 7.30823645156253 0.0737901591447278 0.0329131878844104
9.08022628223765e-16 6.86354445531322 0.00287806603674729 -0.0466712679664453
-4.53618570760574e-16 6.17391880468087 0.056393088468574 -0.0347090317778043
3.02151004205834e-16 5.39978847274093 0.0485550385776765 -0.00365819026954781
1.05661527766107e-15 4.58902989272327 -0.0509595022028484 -0.0333147056775315
-4.52444407074395e-16 4.12710096461391 0.00061791747782388 0.0945389815472121
3.01369579194956e-16 3.74258080307352 -0.0198326670368891 0.0180718737132862
9.03330004822092e-16 3.44326558434043 0.0419317034465674 0.0231371009932433
-4.51276306195545e-16 3.22427210194496 0.0574443592109566 -0.0438112229808488
1.50296092805739e-16 3.11307848999737 0.0420785890036371 -0.0407614752508092
9.01001834706571e-16 3.00145159023188 -0.0384546679059716 0.0551946181853048
-4.50114221286887e-16 2.92351273651093 -0.0434851081993964 0.0811271951524295
2.99818792338035e-16 2.85617730446042 -0.0461980333280535 -0.0109479583532413
1.04846657372024e-15 2.73990855565893 0.0750166293370897 -0.0125328611233279
-2.99305403994991e-16 2.71055390504578 -0.00366793213043222 -0.0119626073956284
2.99049368576689e-16 2.65203227806019 -0.0210892751995831 0.0458604417419936
1.04577819789019e-15 2.55550232324748 -0.0359430277632229 0.00160348075431594
-4.47807914431446e-16 2.45739921171087 -0.0382096770970349 0.0481535526246095
2.98283883844837e-16 2.3911998631266 0.00774274559037241 0.120272490494405
1.04310357334316e-15 2.25853418327208 0.00473572005034667 -0.123211400282323
-2.97775734127895e-16 2.39071860153953 0.121593212993691 0.0280903458749365
4.46283461956786e-16 2.31919582200017 -0.0838053609789769 0.0396567269528055
-1.04044259483973e-15 2.19293099979817 -0.0132909895884706 0.00123668118005915
-2.97016747549829e-16 2.10666612216567 0.0556939445013882 -0.0230544698629373
2.96764611091808e-16 1.95971046021839 0.0306946195825628 -0.00768084949230365
-1.03779515821164e-15 1.93499230564319 -0.00273332452090271 0.041677036994317
-4.44392430338325e-16 1.75133558640651 -0.0121599018881428 -0.0363235061114883
2.96010763646189e-16 1.80293353144512 0.0813207152703057 0.0124847251008922
-1.03516116034816e-15 1.77721669993945 -0.0872686302684306 -0.0335456645472651
-2.95510322794716e-16 1.77571193064339 0.0684450201275173 0.088127549311035
4.42891104560155e-16 1.53514440796519 -0.0430095674058759 -0.0400013575319498
-8.85034713585187e-16 1.61660023742298 0.0904351847718747 -0.0717933327474221
-2.94762826194055e-16 1.58967836269512 -0.00436450506051399 0.0795706262254373
4.41771750462699e-16 1.52509252637275 -0.0951567273765169 0.0150906983168276
1.02993307367973e-15 1.54417866396366 0.0563717226102492 0.0252854739137583
-2.94019101653616e-16 1.51430825664921 -0.0418013472949918 -0.0605862142510541
4.40658040167415e-16 1.55589439570028 0.0638664708954697 0.037321609968374
-8.80576100418511e-16 1.57604315768778 -0.0220443686215208 -0.0334311039487037
-2.93279120693078e-16 1.58375359778925 0.00408205018458764 0.00465165412024495
4.39549931097422e-16 1.5837913937327 -0.0418967325319962 0.0659629963254244
-1.02475753059591e-15 1.5486205707349 -0.032226828673427 -0.0020583644236315
-2.92542855118116e-16 1.50089052730878 0.125643276885256 -0.0262164219767308
2.92298254068687e-16 1.43652384830053 -0.0127760901338707 -0.0101206173972487
-1.02218921598289e-15 1.46113676106522 -0.0552892549147128 0.0563121402523983
-2.91810277016819e-16 1.3957593622881 -0.03540259751634 -0.0591871304944599
4.373503484564e-16 1.57732004300721 0.0849642998757172 0.038772884028979
-8.73971779665372e-16 1.47832298839759 0.0259006104292051 -0.0610365895685796
